##BLOCKS= 1          
Plate:	Plate#1	1.3	PlateFormat	Spectrum	Absorbance	Raw	FALSE	46			350	800	10			1	5	96	1	8	None	
Wavelength(nm)	Temperature(¡C)	1	2	3	4	5	6	7	8	9	10	11	12		
350	23.50	0.19	0.2048	0.2574	0.6319	1.009									
		0.1877	0.2005	0.2531	0.6191	1.0011									
		0.1824	0.1972	0.2555	0.5531	1.0176									
		0.1973	0.1996	0.1967	0.1958	0.1959									
		0.1997	0.1922	0.2055	0.1947	0.1959									
		0.202	0.1951	0.2018	0.1978	0.1963									
		0.1965	0.1978	0.1983	0.1985	0.1976									
		0.201	0.1971	0.199	0.2017	0.2027									
		
360	23.50	0.1562	0.1699	0.2219	0.5958	0.9699									
		0.1542	0.1663	0.218	0.5785	0.9547									
		0.15	0.1638	0.2203	0.515	0.9749									
		0.1637	0.1653	0.1632	0.1628	0.1624									
		0.1651	0.1595	0.1702	0.1618	0.1624									
		0.167	0.1614	0.1674	0.1644	0.1626									
		0.1626	0.1636	0.1646	0.1644	0.1641									
		0.1667	0.1632	0.1649	0.1671	0.1682									
		
370	23.50	0.1236	0.1367	0.1885	0.5629	0.9363									
		0.1225	0.134	0.1853	0.545	0.9217									
		0.1191	0.1315	0.1874	0.4801	0.9421									
		0.1311	0.1319	0.1307	0.1306	0.13									
		0.1319	0.1279	0.1355	0.1297	0.1301									
		0.1336	0.1296	0.134	0.1321	0.1306									
		0.1309	0.1316	0.1328	0.1323	0.1321									
		0.1343	0.1316	0.133	0.1345	0.1353									
		
380	23.50	0.0669	0.0786	0.1304	0.5054	0.8827									
		0.0674	0.0781	0.1286	0.4902	0.8717									
		0.0664	0.0775	0.1318	0.4253	0.893									
		0.0771	0.0768	0.0766	0.076	0.0761									
		0.0769	0.0754	0.0781	0.076	0.0767									
		0.0775	0.0762	0.0778	0.0775	0.0767									
		0.0767	0.0773	0.0778	0.0784	0.078									
		0.0777	0.077	0.0773	0.079	0.0792									
		
390	23.50	0.0548	0.0661	0.1185	0.4905	0.8718									
		0.0554	0.0661	0.1161	0.4784	0.8589									
		0.0552	0.0657	0.1202	0.4141	0.8809									
		0.0656	0.0649	0.065	0.0645	0.0646									
		0.065	0.0642	0.0657	0.0647	0.0652									
		0.0656	0.0649	0.0658	0.0659	0.0653									
		0.065	0.0655	0.0662	0.0655	0.065									
		0.0656	0.0654	0.0655	0.0659	0.0658									
		
400	23.50	0.0498	0.0609	0.1138	0.483	0.8665									
		0.0507	0.0612	0.1112	0.4728	0.8565									
		0.0507	0.0609	0.1161	0.4057	0.8781									
		0.061	0.0603	0.0605	0.06	0.0601									
		0.0605	0.0598	0.061	0.0601	0.0608									
		0.0609	0.0604	0.0612	0.0614	0.0608									
		0.0603	0.0608	0.0615	0.0607	0.0615									
		0.0606	0.0606	0.0605	0.0621	0.0619									
		
410	23.50	0.0462	0.0576	0.1126	0.4901	0.8863									
		0.0472	0.0579	0.109	0.4794	0.878									
		0.0473	0.0576	0.113	0.4094	0.9011									
		0.0576	0.0569	0.0569	0.0566	0.0567									
		0.0571	0.0564	0.0574	0.0567	0.0573									
		0.0573	0.0568	0.0577	0.0578	0.0573									
		0.0568	0.0572	0.0581	0.0572	0.0565									
		0.0571	0.0572	0.0571	0.0587	0.0583									
		
420	23.50	0.044	0.0555	0.112	0.4966	0.9111									
		0.0449	0.0556	0.1079	0.4879	0.8978									
		0.045	0.0553	0.112	0.4153	0.9233									
		0.0553	0.0545	0.0546	0.0542	0.0545									
		0.0547	0.0541	0.055	0.0544	0.0551									
		0.0551	0.0544	0.0554	0.0557	0.0549									
		0.0542	0.0547	0.0557	0.0547	0.0541									
		0.0546	0.0547	0.0545	0.0548	0.0544									
		
430	23.50	0.0419	0.0535	0.1111	0.5014	0.9244									
		0.0429	0.0538	0.1065	0.4945	0.9108									
		0.0431	0.0535	0.1114	0.4199	0.9359									
		0.0532	0.0525	0.0527	0.0522	0.0523									
		0.0528	0.0523	0.053	0.0526	0.0531									
		0.0531	0.0524	0.0534	0.0538	0.053									
		0.0521	0.0526	0.0538	0.0526	0.0523									
		0.0525	0.0526	0.0527	0.0527	0.0523									
		
440	23.50	0.0408	0.0525	0.1117	0.513	0.9501									
		0.0421	0.0531	0.1072	0.5064	0.9337									
		0.0419	0.0529	0.1133	0.431	0.9599									
		0.0521	0.0514	0.0516	0.0511	0.0511									
		0.0516	0.0511	0.0517	0.0515	0.0519									
		0.0519	0.0513	0.0521	0.0526	0.0518									
		0.0508	0.0514	0.0527	0.0515	0.0513									
		0.0514	0.0515	0.0516	0.0515	0.0513									
		
450	23.50	0.04	0.051	0.1071	0.4966	0.9106									
		0.0411	0.0517	0.1037	0.4884	0.8936									
		0.041	0.0513	0.1098	0.4169	0.9187									
		0.0512	0.0503	0.0508	0.0503	0.05									
		0.0507	0.0503	0.0509	0.0507	0.051									
		0.051	0.0504	0.0511	0.0518	0.0508									
		0.0498	0.0504	0.0517	0.0505	0.0505									
		0.0504	0.0503	0.0506	0.0504	0.0504									
		
460	23.50	0.0392	0.0497	0.1021	0.471	0.8603									
		0.0403	0.0503	0.0991	0.4649	0.8434									
		0.0404	0.0498	0.1043	0.3968	0.871									
		0.0504	0.0495	0.0501	0.0496	0.049									
		0.0499	0.0496	0.0501	0.0499	0.05									
		0.0501	0.0498	0.0504	0.0509	0.0498									
		0.0489	0.0495	0.051	0.0498	0.0496									
		0.0495	0.0493	0.0496	0.0509	0.0496									
		
470	23.50	0.0384	0.0488	0.0996	0.4611	0.8365									
		0.0397	0.0489	0.0962	0.4518	0.8192									
		0.0395	0.0486	0.1	0.3855	0.8444									
		0.0497	0.0487	0.0493	0.0489	0.0483									
		0.0489	0.0488	0.0493	0.0492	0.0492									
		0.0491	0.0492	0.0497	0.0499	0.049									
		0.0483	0.049	0.0503	0.0493	0.0489									
		0.0485	0.0484	0.0489	0.0488	0.049									
		
480	23.50	0.0378	0.048	0.0976	0.4517	0.8184									
		0.0389	0.0482	0.0944	0.4426	0.8036									
		0.039	0.0478	0.0973	0.3781	0.8241									
		0.0492	0.0482	0.0487	0.0484	0.0479									
		0.0485	0.0484	0.0488	0.0487	0.0487									
		0.0483	0.0489	0.0492	0.049	0.0485									
		0.048	0.0487	0.0497	0.0489	0.0482									
		0.0481	0.048	0.0483	0.0485	0.0486									
		
490	23.50	0.0375	0.0474	0.0972	0.4474	0.8101									
		0.0385	0.0478	0.0936	0.4369	0.7937									
		0.0386	0.0476	0.0966	0.374	0.8188									
		0.0489	0.0478	0.0482	0.0481	0.0476									
		0.0481	0.0481	0.0485	0.0485	0.0483									
		0.0478	0.0486	0.0489	0.0484	0.0482									
		0.0478	0.0484	0.0493	0.0484	0.0475									
		0.0479	0.0478	0.048	0.0482	0.0484									
		
500	23.50	0.0371	0.0468	0.0952	0.4399	0.7939									
		0.0382	0.0472	0.0925	0.4293	0.7787									
		0.0384	0.0471	0.0955	0.369	0.8024									
		0.0486	0.0476	0.0479	0.0477	0.0474									
		0.0478	0.0477	0.0482	0.0482	0.048									
		0.0475	0.0483	0.0486	0.048	0.0479									
		0.0477	0.0483	0.049	0.0479	0.047									
		0.0478	0.0477	0.0477	0.048	0.0481									
		
510	23.50	0.0372	0.0469	0.0939	0.4274	0.7674									
		0.0381	0.0468	0.0905	0.4178	0.7562									
		0.0383	0.0466	0.094	0.3547	0.7803									
		0.0484	0.0474	0.0474	0.0475	0.0472									
		0.0476	0.0475	0.0479	0.0479	0.0478									
		0.0472	0.048	0.0483	0.0477	0.0477									
		0.0476	0.0481	0.0488	0.0476	0.0467									
		0.0474	0.0474	0.0474	0.0477	0.0478									
		
520	23.50	0.0368	0.0467	0.0917	0.4152	0.7405									
		0.0378	0.0463	0.0884	0.4057	0.7314									
		0.0382	0.0462	0.0927	0.3445	0.7529									
		0.0482	0.0472	0.0472	0.0472	0.0471									
		0.0475	0.0473	0.0476	0.0476	0.0477									
		0.0471	0.0479	0.0482	0.0476	0.0476									
		0.0474	0.0478	0.0484	0.0472	0.0464									
		0.0472	0.0473	0.0473	0.0475	0.0476									
		
530	23.50	0.0365	0.0461	0.089	0.3977	0.7116									
		0.0376	0.0457	0.0863	0.3896	0.6997									
		0.0379	0.0457	0.0904	0.3302	0.7209									
		0.048	0.0471	0.0468	0.047	0.0468									
		0.0474	0.0472	0.0473	0.0474	0.0475									
		0.0469	0.0476	0.0478	0.0474	0.0475									
		0.0471	0.0476	0.0482	0.0469	0.0462									
		0.0471	0.0472	0.0471	0.0473	0.0474									
		
540	23.50	0.0364	0.0457	0.087	0.384	0.6837									
		0.0378	0.0452	0.0842	0.3765	0.6699									
		0.0378	0.0455	0.0881	0.3168	0.6919									
		0.0479	0.047	0.0467	0.0468	0.0467									
		0.0473	0.0471	0.047	0.0471	0.0475									
		0.0469	0.0475	0.0475	0.0473	0.0474									
		0.047	0.0475	0.048	0.0467	0.0461									
		0.047	0.0471	0.047	0.047	0.0472									
		
550	23.50	0.0366	0.045	0.0853	0.3714	0.6669									
		0.0377	0.0448	0.0827	0.3655	0.6475									
		0.0379	0.0452	0.0869	0.3095	0.6716									
		0.0476	0.0468	0.0465	0.0465	0.0464									
		0.0471	0.0469	0.0466	0.0468	0.0473									
		0.0471	0.0473	0.0471	0.0475	0.0474									
		0.0467	0.0472	0.0477	0.0465	0.0459									
		0.047	0.0471	0.047	0.0468	0.0469									
		
560	23.50	0.0374	0.0456	0.0854	0.3693	0.662									
		0.0383	0.0459	0.0835	0.3619	0.6411									
		0.0389	0.0462	0.0876	0.3096	0.6689									
		0.0489	0.0481	0.0476	0.0478	0.0477									
		0.0482	0.048	0.0476	0.0479	0.0484									
		0.0482	0.0483	0.0479	0.0486	0.0484									
		0.0477	0.0484	0.0488	0.0476	0.0472									
		0.0477	0.048	0.0479	0.0476	0.0477									
		
570	23.50	0.0364	0.0448	0.0855	0.3718	0.6672									
		0.0371	0.0446	0.0829	0.3619	0.6422									
		0.0375	0.0449	0.0862	0.3118	0.6727									
		0.0473	0.0466	0.0461	0.0462	0.0462									
		0.0468	0.0466	0.0462	0.0465	0.0471									
		0.047	0.0468	0.0463	0.0473	0.0469									
		0.0462	0.047	0.0474	0.0462	0.046									
		0.0465	0.0467	0.0467	0.0475	0.0477									
		
580	23.50	0.0372	0.0459	0.0868	0.3758	0.6729									
		0.0381	0.0458	0.0848	0.364	0.6508									
		0.0386	0.0457	0.0879	0.3147	0.6821									
		0.0483	0.0477	0.0472	0.0473	0.0472									
		0.0477	0.0476	0.047	0.0474	0.048									
		0.0481	0.0478	0.0473	0.0486	0.048									
		0.0469	0.0478	0.0483	0.0472	0.0471									
		0.0474	0.0475	0.0476	0.047	0.0471									
		
590	23.50	0.0372	0.046	0.0879	0.3817	0.685									
		0.0382	0.0462	0.0861	0.3685	0.6626									
		0.0386	0.0463	0.0895	0.3185	0.6943									
		0.0481	0.0475	0.047	0.0472	0.0471									
		0.0477	0.0474	0.0469	0.0473	0.0479									
		0.0479	0.0476	0.0471	0.0483	0.0477									
		0.0466	0.0476	0.048	0.0471	0.0471									
		0.0472	0.0473	0.0475	0.0467	0.0469									
		
600	23.50	0.0362	0.0455	0.0884	0.3869	0.7004									
		0.0371	0.0452	0.0861	0.3749	0.6775									
		0.0373	0.0454	0.0893	0.3255	0.7098									
		0.0468	0.0461	0.0458	0.0457	0.0457									
		0.0461	0.0459	0.0454	0.0459	0.0463									
		0.0464	0.0461	0.0456	0.0469	0.046									
		0.0451	0.0461	0.0466	0.0459	0.0458									
		0.0456	0.0459	0.0462	0.0454	0.0455									
		
610	23.50	0.0361	0.0457	0.0911	0.3962	0.7203									
		0.0369	0.0454	0.0878	0.3874	0.7006									
		0.0373	0.0461	0.0917	0.3319	0.7308									
		0.0465	0.0459	0.0457	0.0455	0.0453									
		0.0459	0.0458	0.0453	0.0457	0.0462									
		0.0462	0.046	0.0454	0.0467	0.0459									
		0.0449	0.0459	0.0464	0.0472	0.047									
		0.0455	0.0457	0.046	0.0464	0.0465									
		
620	23.50	0.0359	0.0457	0.0934	0.4111	0.7531									
		0.0367	0.0455	0.0902	0.4026	0.7307									
		0.0368	0.0462	0.0932	0.3432	0.7626									
		0.0463	0.0457	0.0455	0.0452	0.0452									
		0.0456	0.0456	0.045	0.0455	0.0459									
		0.0457	0.0456	0.045	0.0463	0.0454									
		0.0443	0.0455	0.0459	0.0456	0.0454									
		0.0451	0.0453	0.0458	0.045	0.045									
		
630	23.50	0.0356	0.0457	0.0935	0.4159	0.7582									
		0.0366	0.0456	0.0909	0.4072	0.7413									
		0.0368	0.0462	0.0941	0.3458	0.7696									
		0.046	0.0455	0.0454	0.0451	0.0449									
		0.0454	0.0453	0.0448	0.0453	0.0456									
		0.0457	0.0454	0.0449	0.0462	0.0453									
		0.0442	0.0453	0.046	0.0455	0.0454									
		0.0449	0.0451	0.0456	0.0449	0.0449									
		
640	23.50	0.0355	0.0455	0.0911	0.4061	0.7346									
		0.0364	0.045	0.089	0.3976	0.7179									
		0.0366	0.0453	0.0931	0.3367	0.7435									
		0.0457	0.0452	0.0454	0.0448	0.0444									
		0.0451	0.0452	0.0449	0.0452	0.0453									
		0.0456	0.0454	0.0448	0.0461	0.0453									
		0.0438	0.0449	0.0455	0.0452	0.0449									
		0.0447	0.0448	0.0455	0.0447	0.0447									
		
650	23.50	0.0352	0.045	0.0886	0.3902	0.7028									
		0.0364	0.0447	0.0867	0.3823	0.6878									
		0.0365	0.045	0.0911	0.3253	0.7123									
		0.0455	0.045	0.0453	0.0446	0.0442									
		0.0451	0.045	0.0449	0.0451	0.0452									
		0.0453	0.0451	0.0445	0.0459	0.0449									
		0.0437	0.0448	0.0456	0.0453	0.0449									
		0.0443	0.0445	0.0453	0.0447	0.0446									
		
660	23.50	0.0356	0.045	0.0891	0.3857	0.6919									
		0.0363	0.0446	0.0861	0.3759	0.6771									
		0.0365	0.0449	0.0905	0.3203	0.7035									
		0.0453	0.0449	0.0452	0.0444	0.044									
		0.0448	0.0448	0.0448	0.045	0.0449									
		0.0449	0.0449	0.0446	0.0455	0.0446									
		0.0434	0.0447	0.0455	0.0451	0.0447									
		0.0441	0.0442	0.0452	0.0447	0.0442									
		
670	23.50	0.0351	0.0449	0.0912	0.3984	0.7255									
		0.0361	0.0448	0.0885	0.3923	0.7066									
		0.0365	0.045	0.0926	0.3347	0.7343									
		0.0451	0.0447	0.045	0.0443	0.0437									
		0.0446	0.0446	0.0448	0.0448	0.0447									
		0.0448	0.0447	0.0446	0.0454	0.0444									
		0.0433	0.0445	0.0454	0.045	0.0445									
		0.0438	0.0438	0.0448	0.0444	0.0439									
		
680	23.50	0.035	0.0453	0.0938	0.4141	0.7559									
		0.0361	0.0453	0.0913	0.4093	0.7349									
		0.0362	0.0457	0.0944	0.3454	0.7644									
		0.045	0.0445	0.0449	0.044	0.0436									
		0.0443	0.0444	0.0447	0.0446	0.0444									
		0.0444	0.0448	0.0446	0.0451	0.0443									
		0.0429	0.0442	0.0451	0.0447	0.0441									
		0.0434	0.0436	0.0447	0.0444	0.0438									
		
690	23.50	0.0351	0.0445	0.0897	0.3868	0.6904									
		0.036	0.0447	0.0871	0.381	0.6693									
		0.0363	0.0448	0.0902	0.3233	0.6961									
		0.0449	0.0444	0.0447	0.0439	0.0432									
		0.044	0.0441	0.0446	0.0446	0.0441									
		0.0442	0.0444	0.0447	0.0448	0.0439									
		0.0429	0.0441	0.0451	0.0446	0.044									
		0.0431	0.0432	0.0445	0.0442	0.0437									
		
700	23.50	0.0355	0.0438	0.0846	0.3509	0.6182									
		0.0363	0.0437	0.0818	0.3456	0.5996									
		0.0366	0.0438	0.0854	0.294	0.6241									
		0.0448	0.0442	0.0446	0.0438	0.0428									
		0.0441	0.0442	0.0446	0.0445	0.044									
		0.0438	0.0444	0.0446	0.0445	0.0438									
		0.0426	0.044	0.0449	0.0444	0.0437									
		0.043	0.0431	0.0444	0.0442	0.0436									
		
710	23.50	0.0362	0.0442	0.0814	0.3296	0.5747									
		0.0369	0.0435	0.0789	0.322	0.5578									
		0.0372	0.0438	0.0824	0.2749	0.5813									
		0.0447	0.0443	0.0447	0.0436	0.0423									
		0.0438	0.044	0.0447	0.0443	0.0437									
		0.0432	0.0442	0.0447	0.0439	0.0431									
		0.0421	0.0439	0.045	0.0444	0.0435									
		0.0423	0.0425	0.0444	0.0442	0.0432									
		
720	23.50	0.0368	0.0442	0.0798	0.3177	0.5527									
		0.0379	0.044	0.0777	0.3099	0.5365									
		0.038	0.0439	0.0808	0.2647	0.5606									
		0.0445	0.0441	0.0445	0.0434	0.0419									
		0.0437	0.0439	0.0447	0.0442	0.0434									
		0.0428	0.0439	0.0446	0.0434	0.0428									
		0.0419	0.0437	0.0448	0.0441	0.043									
		0.0418	0.0421	0.0442	0.044	0.043									
		
730	23.50	0.0384	0.0455	0.0798	0.3105	0.539									
		0.0394	0.0453	0.078	0.3029	0.5225									
		0.0396	0.0455	0.0814	0.2596	0.5452									
		0.0443	0.0438	0.0442	0.0432	0.0416									
		0.0433	0.0434	0.0442	0.0438	0.043									
		0.0425	0.0439	0.0447	0.0432	0.0427									
		0.0417	0.0434	0.0446	0.0437	0.0426									
		0.0417	0.042	0.044	0.044	0.0429									
		
740	23.50	0.0404	0.0468	0.0811	0.3044	0.5295									
		0.0409	0.0468	0.0791	0.2986	0.5133									
		0.0413	0.0469	0.082	0.2559	0.5344									
		0.0443	0.0437	0.0441	0.0431	0.0417									
		0.0433	0.0436	0.0442	0.0439	0.0431									
		0.0426	0.044	0.0447	0.0431	0.0428									
		0.0419	0.0436	0.0447	0.0436	0.0424									
		0.0418	0.0419	0.0438	0.0437	0.0429									
		
750	23.50	0.0405	0.047	0.0803	0.299	0.5222									
		0.0412	0.0471	0.0787	0.2949	0.5062									
		0.0413	0.0469	0.081	0.2514	0.527									
		0.0444	0.0437	0.044	0.0433	0.0417									
		0.0432	0.0435	0.0441	0.0438	0.0429									
		0.0425	0.0439	0.0447	0.043	0.0428									
		0.0422	0.0436	0.0447	0.0434	0.0423									
		0.0417	0.0421	0.0438	0.0436	0.0429									
		
760	23.50	0.0402	0.047	0.0796	0.2952	0.5139									
		0.0411	0.0468	0.0774	0.2903	0.498									
		0.0412	0.047	0.0802	0.247	0.5204									
		0.0443	0.0437	0.0439	0.0434	0.0417									
		0.0432	0.0435	0.044	0.0438	0.0429									
		0.0424	0.044	0.0446	0.0429	0.0427									
		0.0421	0.0436	0.0445	0.0431	0.0421									
		0.042	0.0423	0.0437	0.0434	0.0432									
		
770	23.50	0.0405	0.0469	0.0793	0.2905	0.5071									
		0.0408	0.0463	0.0768	0.2862	0.491									
		0.0409	0.0464	0.079	0.2448	0.5133									
		0.0441	0.0435	0.0438	0.0431	0.0416									
		0.0433	0.0437	0.0439	0.0438	0.0429									
		0.0422	0.0437	0.0442	0.0426	0.0425									
		0.0424	0.0436	0.0445	0.043	0.042									
		0.0423	0.0423	0.0438	0.0435	0.0432									
		
780	23.50	0.0397	0.0459	0.0783	0.2863	0.5024									
		0.0403	0.0462	0.0762	0.2821	0.4868									
		0.0405	0.0458	0.0782	0.2418	0.5071									
		0.0443	0.0434	0.0436	0.0431	0.0418									
		0.0432	0.0434	0.0438	0.0437	0.0428									
		0.0422	0.0436	0.044	0.0425	0.0426									
		0.0428	0.0437	0.0447	0.043	0.0422									
		0.0422	0.0423	0.0437	0.0429	0.0431									
		
790	23.50	0.0393	0.0456	0.0769	0.2829	0.4963									
		0.0399	0.0457	0.0755	0.2784	0.482									
		0.04	0.0455	0.0781	0.2387	0.5015									
		0.0441	0.0434	0.0435	0.0432	0.0416									
		0.0433	0.0433	0.0437	0.0437	0.0428									
		0.0423	0.0437	0.0442	0.0425	0.0427									
		0.0425	0.0435	0.0442	0.0426	0.0417									
		0.0424	0.0423	0.0437	0.0429	0.0432									
		
800	23.50	0.0388	0.0452	0.076	0.279	0.4906									
		0.0392	0.0451	0.0746	0.2755	0.4762									
		0.0395	0.0449	0.0775	0.237	0.4961									
		0.0441	0.0434	0.0434	0.043	0.0418									
		0.043	0.0432	0.0436	0.0437	0.0427									
		0.0424	0.0438	0.0442	0.0425	0.0427									
		0.0425	0.0435	0.0442	0.0424	0.0416									
		0.0424	0.0424	0.0438	0.0427	0.0431									
		
~End
