##BLOCKS= 1          
Plate:	Plate#1	1.3	PlateFormat	Endpoint	Absorbance	Raw	FALSE	1						3	650 490 450	1	5	96	1	8	None	
	Temperature(¡C)	1	2	3	4	5	6	7	8	9	10	11	12		1	2	3	4	5	6	7	8	9	10	11	12		1	2	3	4	5	6	7	8	9	10	11	12		
	23.40	0.0352	0.0444	0.0881	0.3947	0.7026									0.0375	0.0477	0.0961	0.4495	0.8065									0.0398	0.0515	0.1066	0.5043	0.9136									
		0.036	0.0449	0.0871	0.3875	0.6995									0.0386	0.0481	0.0946	0.443	0.8075									0.0409	0.0518	0.1046	0.4945	0.9086									
		0.036	0.0449	0.0889	0.3255	0.703									0.0385	0.0479	0.0968	0.3708	0.8164									0.0407	0.0517	0.1083	0.4168	0.915									
		0.0453	0.0451	0.0453	0.0446	0.0442									0.0489	0.0478	0.0483	0.0482	0.0476									0.0512	0.0504	0.0508	0.0503	0.05									
		0.045	0.045	0.0448	0.045	0.0451									0.0481	0.0481	0.0485	0.0485	0.0483									0.0507	0.0503	0.0509	0.0507	0.0509									
		0.0452	0.0452	0.0446	0.0457	0.0448									0.0478	0.0486	0.0489	0.0485	0.0482									0.051	0.0504	0.0512	0.0518	0.0507									
		0.0438	0.045	0.0457	0.0453	0.045									0.0479	0.0485	0.0493	0.0485	0.0476									0.0498	0.0504	0.0518	0.0506	0.0505									
		0.0443	0.0444	0.0452	0.0446	0.0442									0.0479	0.0478	0.048	0.0483	0.0484									0.0504	0.0504	0.0506	0.0504	0.0504									
		
~End
